mean_sales_panini: 0.074468
mean_sales_chicken_bacon: 0.02393617
mean_sales_cheese_baguette: 0.007979

mean_sales_penne: 0.002659574
mean_sales_quiche: 0.050531915
mean_sales_tapas: 0.002659574
mean_sales_lentil_salad: 0.002659574
mean_sales_noodle_soup: 0.002659574
mean_sales_couscous: 0.002659574

mean_sales_cheesecake: 0.005319149
mean_sales_macaroons: 0.002659574

mean_sales_pilsner: 0.031914894
mean_sales_white_wine: 0.018617021
mean_sales_red_wine: 0.015957447
mean_sales_prosecco: 0.018617021
mean_sales_vodka: 0.002659574
mean_sales_jameson: 0.002659574
mean_sales_beefeater: 0.002659574
mean_sales_becherovka: 0.002659574
mean_sales_ripe_pear: 0.002659574

mean_sales_m_n_m: 0.002659574
mean_sales_snickers: 0.002659574
mean_sales_nutella: 0.002659574
mean_sales_haribo: 0.002659574
mean_sales_relax: 0.002659574
mean_sales_cricri: 0.013297872
mean_sales_pringles_original: 0.015957447
mean_sales_pringles_sour: 0.018617021
mean_sales_olives: 0.002659574
mean_sales_peanuts: 0.005319149

mean_sales_americano: 0.074468
mean_sales_tea: 0.068754
mean_sales_cappuccino: 0.068973

mean_sales_schweppes: 0.002659574
mean_sales_fanta: 0.007978723
mean_sales_coca_cola: 0.021276596
mean_sales_coca_cola_zero: 0.005319149
mean_sales_sprite: 0.010638298
mean_sales_birel: 0.015957447

mean_sales_cappy_apple: 0.005319149
mean_sales_cappy_orange: 0.005319149
mean_sales_rajec: 0.018617021





















